p1 = [ 1, o, -2.11766 ];
p2 = [ 0, 1, 0.1500305 ];

